7 7
15 7 8
23 7 8
          +31
          +39
47 7 24
55 7 8
63 7 8
          +71
79 7 16
          +87
95 7 16
103 7 8
111 7 8
119 7 8
163 3 44
171 3 8
	  +183
	  +189
215 7 44
221 5 6
247 7 26
          +253
279 7 32
311 7 32
          +317
343 7 32
          +349
375 7 32
          +381
407 7 32
439 7 32
          +445
471 7 32
          +477
503 7 32
509 5 6
535 7 26
567 7 32
573 5 6
599 7 26
          +605
631 7 32
637 5 6
663 7 26
695 7 32
701 5 6
727 7 26
          +733
759 7 32
          +765
791 7 32
823 7 32
829 5 6
855 7 26
          +861
887 7 32
893 5 6
919 7 26
951 7 32
957 5 6
983 7 26
          +989
1015 7 32
1021 5 6
1047 7 26
1079 7 32
1085 5 6
1111 7 26
          +1117
1143 7 32
1149 5 6
1175 7 26
1207 7 32
1213 5 6
1267 3 54
1275 3 8
1283 3 8
          +1291
	  +1299
1307 3 24
1315 3 8
1323 3 8
          +1333
1343 7 20
1351 7 8
1359 7 8
1367 7 8
