7 7
15 7 8
23 7 8
31 7 8
39 7 8
47 7 8
55 7 8
63 7 8
71 7 8
79 7 8
87 7 8
95 7 8
103 7 8
111 7 8
119 7 8
163 3 44
171 3 8
183 7 12
189 5 6
215 7 26
221 5 6
247 7 26
253 5 6
279 7 26
311 7 32
317 5 6
343 7 26
349 5 6
375 7 26
381 5 6
407 7 26
439 7 32
445 5 6
471 7 26
477 5 6
503 7 26
509 5 6
535 7 26
567 7 32
573 5 6
599 7 26
605 5 6
631 7 26
637 5 6
663 7 26
695 7 32
701 5 6
727 7 26
733 5 6
759 7 26
765 5 6
791 7 26
823 7 32
829 5 6
855 7 26
861 5 6
887 7 26
893 5 6
919 7 26
951 7 32
957 5 6
983 7 26
989 5 6
1015 7 26
1021 5 6
1047 7 26
1079 7 32
1085 5 6
1111 7 26
1117 5 6
1143 7 26
1149 5 6
1175 7 26
1207 7 32
1213 5 6
1267 3 54
1275 3 8
1283 3 8
1291 3 8
1299 3 8
1307 3 8
1315 3 8
1323 3 8
1333 5 10
1343 7 10
1351 7 8
1359 7 8
1367 7 8
